([array([[[[ 1.73319578e-02,  1.12627852e+00,  1.10669971e+00,
          -2.02909398e+00,  8.91887474e+00,  4.72005463e+00,
          -2.08568287e+00, -7.72247362e+00, -1.08887303e+00,
          -1.33663931e+01,  2.11751328e+01, -9.18413699e-01,
           9.85421240e-01, -4.01097393e+00,  6.44212580e+00,
          -6.90962970e-02]],

        [[-2.14669514e+00, -9.14013088e-01, -5.21399832e+00,
          -5.20112610e+00,  1.34691153e+01, -3.07209635e+00,
          -3.84837776e-01, -3.94921279e+00, -7.53605008e-01,
          -9.08895016e+00,  2.73926735e+01, -2.01536298e+00,
          -1.31940854e+00, -2.19818759e+00,  2.93857837e+00,
          -4.34513271e-01]],

        [[-2.43453646e+00, -9.37855422e-01, -4.61364698e+00,
          -3.44018292e+00,  2.13160172e+01,  1.26785350e+00,
           6.82120323e-01, -3.65487766e+00, -2.74054432e+00,
          -9.78083038e+00,  3.34159508e+01, -3.49474478e+00,
          -1.45610142e+00,  1.17078419e+01, -4.17169666e+00,
          -2.48975351e-01]],

        [[-2.14559436e+00, -1.07093900e-01, -1.52280962e+00,
          -5.03355598e+00,  2.34876823e+01, -1.90218961e+00,
          -1.28283930e+00,  7.45132637e+00, -1.97641599e+00,
          -1.21250367e+00,  2.26181622e+01,  1.29098043e-01,
          -2.07427812e+00,  1.26319532e+01, -7.90306628e-01,
           6.22435999e+00]],

        [[-3.04427004e+00, -9.17784810e-01, -2.19892335e+00,
          -3.50639606e+00,  2.13070564e+01,  1.76585674e+01,
          -2.61244631e+00,  4.83721161e+00, -4.28670287e-01,
          -2.24693890e+01,  2.43371296e+01, -1.13767040e+00,
          -2.83497381e+00,  1.30390377e+01,  2.44078636e+00,
           3.39739156e+00]]],


       [[[ 6.25371873e-01, -1.86759579e+00,  7.33728886e-01,
          -3.71828723e+00,  6.93840790e+00,  1.75294518e+00,
          -9.78885829e-01, -8.58535862e+00, -1.19659233e+00,
          -1.40348196e+01,  1.72131844e+01, -1.06740105e+00,
          -1.98450267e+00, -2.50900745e+00,  9.32146454e+00,
          -3.85148215e+00]],

        [[-2.43116811e-01,  1.33928835e+00,  3.09588265e+00,
          -4.58743525e+00,  1.22491188e+01, -2.82170129e+00,
          -8.03302228e-01, -6.63503933e+00, -3.73802614e+00,
          -4.68037701e+00,  2.39959717e+01, -1.12265527e+00,
          -1.62752688e+00, -3.09380221e+00,  3.02689290e+00,
          -1.19228387e+00]],

        [[-1.19190030e-01, -4.24553990e-01, -3.94917917e+00,
          -3.61826372e+00,  2.11540947e+01,  3.54958653e+00,
           9.13722575e-01, -6.81266737e+00, -1.34953177e+00,
          -1.66707516e+01,  3.56129265e+01,  1.70645997e-01,
           1.43596247e-01,  6.25292301e+00, -2.19267511e+00,
           2.80022264e+00]],

        [[-2.33229160e+00,  1.46193624e-01, -3.28627181e+00,
           4.04989690e-01,  1.91389599e+01,  2.08812690e+00,
           9.31987166e-01,  7.76218033e+00, -2.74066567e+00,
          -4.59896088e-01,  2.92917767e+01,  1.04126799e+00,
          -2.48549294e+00,  1.18236341e+01, -1.90662086e-01,
           6.95513058e+00]],

        [[-2.37359889e-02, -1.67688406e+00, -4.78040791e+00,
          -2.38253188e+00,  2.23728390e+01,  2.14976749e+01,
          -3.06167316e+00,  3.04934645e+00, -4.14471030e-01,
          -1.08591404e+01,  2.76779633e+01, -2.98418570e+00,
          -2.44822431e+00,  1.58691006e+01, -3.19369465e-01,
          -2.15249014e+00]]],


       [[[ 1.82815886e+00, -7.75747225e-02,  6.03438997e+00,
           2.30151564e-01,  7.28942728e+00,  1.24965167e+00,
          -6.11740798e-02, -7.75352716e+00, -1.06789970e+00,
          -2.25346355e+01,  2.63640270e+01, -3.09078264e+00,
          -1.43108130e+00, -2.41941619e+00,  8.39087772e+00,
          -4.75721645e+00]],

        [[-4.19540733e-01,  1.17224693e-01,  3.02519298e+00,
           9.12943184e-01,  1.54176455e+01, -4.36952543e+00,
          -2.08614208e-02, -6.66751385e+00, -1.06535971e+00,
          -7.18703318e+00,  2.87962227e+01, -4.12399530e-01,
          -1.07555516e-01, -1.03921187e+00,  7.95302010e+00,
          -1.05992584e+01]],

        [[-8.41560304e-01, -2.92150736e-01,  2.17812419e-01,
          -7.78838873e-01,  2.46142883e+01, -1.02896106e+00,
           1.56493533e+00, -4.51632595e+00, -3.13427544e+00,
          -1.19417362e+01,  3.97483826e+01, -8.48931611e-01,
          -5.11879086e-01,  2.98621106e+00, -1.86811233e+00,
          -5.68773937e+00]],

        [[ 2.20695734e-01, -8.33280802e-01,  3.18077493e+00,
           1.97767496e+00,  2.00644264e+01,  2.36319184e+00,
          -4.23301719e-02, -8.19311917e-01, -2.40441322e+00,
          -5.66631126e+00,  3.14869862e+01, -8.59937489e-01,
          -3.62480807e+00,  1.20869455e+01,  1.67943311e+00,
          -4.28268480e+00]],

        [[ 3.52735758e-01,  1.13510358e+00, -1.66541123e+00,
           1.74446344e+00,  1.85502071e+01,  1.74210091e+01,
          -4.59976226e-01, -5.45847845e+00, -2.21642449e-01,
          -1.69355297e+01,  3.78854294e+01, -3.03297424e+00,
          -6.86654598e-02,  1.76573391e+01, -2.63411927e+00,
          -9.42160225e+00]]],


       [[[-2.01080656e+00, -9.61864412e-01,  1.20386887e+01,
           2.08158278e+00,  3.52489519e+00,  3.59305859e+00,
           2.85025311e+00, -1.35775452e+01,  2.44803905e+00,
          -2.15977249e+01,  1.98717155e+01, -8.47962499e-01,
          -3.13781929e+00, -1.06753254e+00,  7.07898712e+00,
           9.50827539e-01]],

        [[-2.63403821e+00, -3.94704819e-01,  6.88779688e+00,
          -2.21905142e-01,  1.36108179e+01,  3.64298081e+00,
           5.25953388e+00, -9.90158653e+00, -2.51474881e+00,
          -1.04966688e+01,  3.42237854e+01, -1.08006823e+00,
          -4.70868379e-01,  1.01269996e+00,  8.79806328e+00,
          -6.09673452e+00]],

        [[-1.48963439e+00, -4.10388470e-01,  3.28125501e+00,
          -1.29347697e-01,  2.41296577e+01, -1.11407423e+00,
           4.61488932e-01, -1.24046888e+01, -2.27453494e+00,
          -1.36239491e+01,  4.47352142e+01, -2.42254347e-01,
          -4.17990923e-01,  4.68216515e+00, -1.62971854e+00,
          -1.91198063e+00]],

        [[-2.18638515e+00, -1.95331305e-01,  8.84102225e-01,
          -3.95313954e+00,  2.14852753e+01,  4.14507818e+00,
          -7.99153864e-01, -7.64449120e+00,  1.43562034e-01,
          -3.19299698e+00,  3.07745056e+01, -1.18567336e+00,
          -2.62896031e-01,  1.93548603e+01,  1.97187698e+00,
           4.47975016e+00]],

        [[-6.11808658e-01, -7.49564350e-01, -1.63688982e+00,
           2.59876060e+00,  1.50889578e+01,  1.92512913e+01,
          -4.17263180e-01, -1.36870718e+01, -1.31052995e+00,
          -2.05274906e+01,  3.85406837e+01, -1.30781806e+00,
           5.50362170e-01,  1.61626816e+01,  1.75855115e-01,
          -2.76836157e+00]]],


       [[[-1.63896489e+00, -8.66630375e-02,  1.83137932e+01,
          -5.43161821e+00, -3.28123510e-01,  4.25486851e+00,
           5.73889065e+00, -7.53424883e+00,  7.15485525e+00,
          -2.45531273e+01,  1.40310869e+01, -1.21474159e+00,
          -2.05989552e+00, -1.80356109e+00,  4.68129301e+00,
          -3.29281235e+00]],

        [[ 4.43383723e-01, -8.61476779e-01,  5.17070341e+00,
          -2.89031768e+00,  1.02787447e+01, -7.60094047e-01,
           3.76884127e+00, -1.08437948e+01, -1.07055120e-01,
          -6.46393919e+00,  2.60838451e+01,  3.21377516e-01,
          -1.33792058e-01,  7.59111583e-01,  9.46433830e+00,
          -3.50147963e+00]],

        [[-1.25729895e+00,  1.79693848e-01,  2.76050639e+00,
          -2.01600075e-01,  1.93102722e+01,  1.20218182e+00,
           1.80184305e+00, -1.43656693e+01, -6.09767020e-01,
          -1.17657270e+01,  4.48230629e+01, -8.86428595e-01,
           4.21948582e-01,  5.99509573e+00, -3.52983713e-01,
           2.08348894e+00]],

        [[-1.66373086e+00, -5.08550644e-01,  2.23192930e+00,
          -1.90637279e+00,  2.09147396e+01,  7.42875910e+00,
          -2.13726711e+00, -8.95067787e+00, -2.76936561e-01,
          -2.18531585e+00,  4.18602943e+01,  4.53909427e-01,
          -1.51432049e+00,  1.97615986e+01,  1.46155608e+00,
           2.59078312e+00]],

        [[-6.53643847e-01, -3.28118205e-01, -1.63082683e+00,
          -4.14225757e-01,  1.85841789e+01,  2.21552391e+01,
          -2.31468987e+00, -1.36916323e+01, -2.96075296e+00,
          -2.07759113e+01,  3.39413757e+01, -1.07430112e+00,
          -4.45785783e-02,  1.86390038e+01, -5.87288439e-02,
          -6.49146736e-01]]]], dtype=float32), array([[[[-1.91148770e+00,  9.69622135e-02, -1.52744401e+00, ...,
          -6.03993200e-02, -5.23358762e-01, -1.71915865e+00],
         [-9.72680390e-01,  1.03795409e+00,  8.04965556e-01, ...,
          -2.89333254e-01, -5.40689051e-01, -4.18005466e-01],
         [-1.50427949e+00, -3.09389561e-01, -3.89830261e-01, ...,
          -1.31357908e+00, -1.62432587e+00,  6.54173255e-01],
         ...,
         [ 7.36129463e-01, -1.35129809e+00, -5.57744861e-01, ...,
          -3.29337907e+00,  1.12957084e+00,  1.66841054e+00],
         [ 6.95728660e-01,  1.38078518e-02,  7.72538602e-01, ...,
          -1.28559422e+00,  8.67320746e-02,  5.51589355e-02],
         [-1.86966270e-01, -7.52224505e-01,  1.80479980e+00, ...,
          -1.40866685e+00, -2.07175422e+00,  3.56224084e+00]],

        [[ 9.03557181e-01, -2.48834446e-01, -2.24172607e-01, ...,
          -2.72245377e-01, -1.75073910e+00,  2.87119329e-01],
         [-1.13630331e+00, -1.50339484e+00, -1.18017681e-01, ...,
           1.14162338e+00,  2.47410178e+00,  1.35151947e+00],
         [-1.59953654e-01, -1.27595341e+00, -1.10318351e+00, ...,
           3.58389974e-01, -1.84178948e+00,  2.79388595e+00],
         ...,
         [-6.48805797e-01,  9.69265044e-01, -3.09332043e-01, ...,
          -2.97568768e-01,  1.27666742e-01,  5.86769152e+00],
         [ 3.86693478e-01, -7.58121133e-01,  1.52906811e+00, ...,
          -4.97932225e-01, -9.41897571e-01,  1.17050037e-01],
         [-4.41041887e-02, -1.38441956e+00,  7.09074497e-01, ...,
          -7.91160882e-01,  2.44389057e-01,  1.37802992e+01]],

        [[-2.82404518e+00, -5.12244403e-01,  2.89795011e-01, ...,
          -7.62211502e-01, -1.16859451e-01, -5.67547143e-01],
         [ 4.17007536e-01, -1.51640207e-01, -6.64395750e-01, ...,
          -1.30249405e+00, -4.25786167e-01, -9.98013094e-02],
         [-2.05063367e+00, -1.14527798e+00, -1.19042881e-01, ...,
           1.97813272e-01, -1.36457562e+00,  6.14344537e-01],
         ...,
         [ 1.77818370e+00,  4.50534075e-01,  5.55330753e-01, ...,
          -6.99295402e-01,  1.07845008e+00,  4.84986496e+00],
         [-3.33881378e-02, -1.06798959e+00,  7.72003949e-01, ...,
          -1.04155445e+00, -2.14807677e+00,  3.14515710e-01],
         [ 8.45045626e-01, -2.37690091e+00,  1.70291185e+00, ...,
           1.28444755e+00,  1.94915235e+00,  1.11190052e+01]],

        [[ 9.11484241e-01,  3.19685847e-01,  3.41926277e-01, ...,
          -1.37661040e+00,  9.09837261e-02, -6.64735675e-01],
         [ 1.32967532e+00,  2.17463565e+00,  3.35761607e-01, ...,
           3.08329135e-01, -1.98829317e+00, -3.22181910e-01],
         [-2.95673943e+00, -7.20761776e-01,  4.00655413e+00, ...,
           9.99683380e-01,  1.15118301e+00,  1.16472609e-01],
         ...,
         [-1.92092645e+00, -3.61998129e+00, -5.80391645e-01, ...,
           5.82416534e-01, -2.24272147e-01, -1.74077725e+00],
         [-3.03028017e-01, -2.34464025e+00,  2.36928129e+00, ...,
          -3.25917095e-01,  7.91506648e-01,  1.68661073e-01],
         [-3.03683019e+00, -1.00187321e+01,  8.43657136e-01, ...,
          -9.33315158e-01,  3.57866716e+00, -3.17770749e-01]],

        [[-5.13237000e-01,  7.78603077e-01, -5.10798216e-01, ...,
          -1.62421191e+00,  3.09717417e-01, -2.30877042e-01],
         [-3.55158508e-01, -4.73711461e-01,  2.12854564e-01, ...,
           2.85601050e-01, -3.26493561e-01,  1.72343028e+00],
         [-3.74954557e+00,  1.11479545e+00,  3.57576132e-01, ...,
          -1.09711039e+00,  9.01157260e-01,  6.61219835e-01],
         ...,
         [-4.39590645e+00, -2.56600714e+00, -5.84466934e-01, ...,
          -5.69633782e-01,  1.59429896e+00,  1.04262745e+00],
         [-3.08221817e+00,  1.34474337e+00,  1.36358809e+00, ...,
           1.60096180e+00,  2.37008691e+00,  1.37276530e-01],
         [-5.87210512e+00, -6.72326279e+00,  1.20151013e-01, ...,
          -9.66282129e-01,  7.25730002e-01,  1.72229660e+00]]],


       [[[ 1.25869840e-01, -1.47351170e+00,  7.62684286e-01, ...,
          -6.63411617e-01, -9.44929123e-01, -3.51131037e-02],
         [-1.17159438e+00,  2.01608133e+00, -1.41056263e+00, ...,
           2.89675087e-01, -4.88868237e-01,  1.13043559e+00],
         [ 8.07700515e-01,  3.60526502e-01, -1.62851501e+00, ...,
          -5.70814192e-01,  6.10646904e-02,  1.03176951e+00],
         ...,
         [ 4.99583840e-01,  6.27248883e-01, -8.64716589e-01, ...,
           3.55113655e-01,  6.74912930e-01,  3.86045599e+00],
         [-7.21475706e-02,  1.14643049e+00, -9.15494025e-01, ...,
           1.08906209e+00, -1.70787171e-01, -9.17219743e-02],
         [-6.18314028e-01, -8.03226411e-01,  4.65979195e+00, ...,
          -1.86604694e-01,  2.40975797e-01,  1.04945397e+00]],

        [[ 5.53715050e-01,  1.55132854e+00,  3.02718252e-01, ...,
           3.92100662e-01,  8.40538919e-01, -5.33323646e-01],
         [ 9.03573990e-01, -1.40660256e-01, -7.52577841e-01, ...,
          -1.10398285e-01,  6.61755502e-01, -9.36347604e-01],
         [-1.76790857e+00,  6.50932312e-01, -1.21855676e+00, ...,
           3.90659720e-01,  2.52274156e-01,  2.82010853e-01],
         ...,
         [-2.12287498e+00, -5.10753572e-01,  1.72538674e+00, ...,
           3.29602480e-01,  1.12088418e+00,  6.65877819e+00],
         [-1.82945430e-01,  8.44716847e-01, -8.46512735e-01, ...,
           2.12796599e-01, -2.75853753e-01, -1.41964376e+00],
         [ 1.11240363e+00, -8.28092694e-01,  1.86566842e+00, ...,
           2.43998796e-01, -7.18157351e-01,  1.13587036e+01]],

        [[ 2.91102529e-01,  1.05902708e+00,  8.20277274e-01, ...,
           6.83887973e-02,  1.49177456e+00,  9.05911446e-01],
         [-8.03595603e-01, -1.06316698e+00, -5.11563361e-01, ...,
          -7.50579417e-01,  5.78208327e-01,  1.42806673e+00],
         [-2.72728533e-01, -1.78875065e+00, -7.32836068e-01, ...,
           1.59347034e+00, -5.12486339e-01, -5.64158976e-01],
         ...,
         [ 2.13361430e+00,  1.27585292e+00,  7.56388247e-01, ...,
          -7.39011884e-01, -6.87792122e-01,  1.25059652e+00],
         [-7.19342291e-01, -2.15754390e+00, -1.13648987e+00, ...,
           1.55281663e+00,  3.49682212e-01,  5.60971439e-01],
         [-7.50510633e-01, -3.67285633e+00, -1.26612198e+00, ...,
           9.30595160e-01,  8.12494308e-02,  9.99703884e+00]],

        [[ 7.53054857e-01,  1.51693666e+00, -2.02778792e+00, ...,
           9.19233412e-02,  1.92269862e+00,  1.04803431e+00],
         [ 9.48632956e-01, -9.61997628e-01, -6.33376241e-01, ...,
          -1.98554552e+00, -7.19327152e-01, -2.41158509e+00],
         [-2.10263669e-01,  7.57724404e-01,  1.06945062e+00, ...,
          -1.13963127e-01, -8.66456449e-01,  2.85698682e-01],
         ...,
         [-3.48659706e+00, -2.38721848e+00, -1.83684659e+00, ...,
          -2.67060041e-01, -1.54339194e+00, -2.73588109e+00],
         [-1.30406570e+00,  1.10380089e+00,  2.05308700e+00, ...,
           1.30001217e-01,  1.39188325e+00, -1.92751420e+00],
         [-8.81786633e+00, -5.86886883e+00, -6.51592970e-01, ...,
           1.22647715e+00,  2.62160110e+00, -4.86878300e+00]],

        [[-5.84257692e-02, -1.85742593e+00,  1.21423435e+00, ...,
           9.62890983e-01, -5.33997595e-01,  2.16957808e+00],
         [-1.02612162e+00, -1.87552720e-01, -7.25581110e-01, ...,
          -5.27545393e-01, -9.84548509e-01, -1.33291066e+00],
         [-2.73254776e+00,  3.80396664e-01,  1.91977233e-01, ...,
          -1.38656318e-01,  9.46393490e-01, -3.65190506e-01],
         ...,
         [-1.83810735e+00,  5.60735703e-01, -2.21029925e+00, ...,
           1.04461205e+00,  9.12489355e-01,  8.56626332e-01],
         [-3.35520625e+00, -1.29412854e+00,  6.66653514e-01, ...,
           8.26820731e-01, -1.67572033e+00,  4.43332553e-01],
         [-6.06104231e+00, -3.94200730e+00, -1.73831677e+00, ...,
          -5.89218736e-03,  2.66121209e-01,  3.40398598e+00]]],


       [[[-9.94195998e-01, -9.19196427e-01,  2.13949227e+00, ...,
           7.70594239e-01, -1.30758262e+00,  2.91449738e+00],
         [ 5.59577107e-01, -2.63873823e-02, -1.12370916e-01, ...,
           1.33821559e+00,  6.12044573e-01, -2.20211893e-01],
         [-1.38199663e+00, -7.91333675e-01,  2.20701620e-01, ...,
          -9.52492878e-02,  3.15467894e-01,  6.12830520e-01],
         ...,
         [ 2.57095051e+00, -5.93428373e-01,  1.15700054e+00, ...,
           3.67177337e-01, -1.09822106e+00, -1.19456865e-01],
         [-1.66393697e-01, -1.10363972e+00, -2.18526244e-01, ...,
           1.39075065e+00, -6.88454807e-01, -1.61487770e+00],
         [ 1.53737688e+00, -1.48987961e+00,  4.79332113e+00, ...,
          -1.22225153e+00, -1.61300135e+00,  2.56090713e+00]],

        [[-8.56809914e-01, -7.18219221e-01,  2.32688403e+00, ...,
           1.91828251e+00,  5.39312065e-01, -5.02752841e-01],
         [ 1.02600312e+00,  2.35190000e-02, -1.17744160e+00, ...,
          -2.53912896e-01,  1.12145925e+00,  1.10106421e+00],
         [-1.33766031e+00, -2.31585994e-01, -3.05765837e-01, ...,
           1.23965991e+00, -1.40198541e+00,  3.27039510e-01],
         ...,
         [ 1.87242079e+00, -1.03744566e+00, -1.22549915e+00, ...,
          -5.58099329e-01,  7.52719223e-01,  5.21663713e+00],
         [-6.08446836e-01, -9.96035218e-01, -1.57592130e+00, ...,
          -7.27319300e-01, -6.23023808e-01, -3.59291106e-01],
         [ 3.29367995e+00, -9.82114434e-01,  4.97547761e-02, ...,
          -1.22572577e+00, -9.62257266e-01,  1.22050781e+01]],

        [[-1.44024360e+00, -1.33598948e+00, -1.96817532e-01, ...,
           5.60408533e-02, -1.86924934e-01,  1.72298595e-01],
         [ 6.31538153e-01, -2.56507516e-01, -3.79290611e-01, ...,
           2.69083500e-01, -5.05947948e-01, -5.11043191e-01],
         [-1.10887361e+00,  1.91135204e+00, -1.53790247e+00, ...,
          -1.46095157e-02, -1.76506972e+00,  7.84165084e-01],
         ...,
         [-1.08869481e+00, -9.63551939e-01, -9.54220712e-01, ...,
           1.92891729e+00, -1.83321166e+00, -1.42379269e-01],
         [ 3.44192833e-01,  2.90127277e+00, -1.57988012e+00, ...,
          -1.07103026e+00, -3.62233400e-01, -8.18266332e-01],
         [-2.88441753e+00, -7.54487753e-01, -1.38444054e+00, ...,
           4.74576855e+00, -1.15848266e-01,  6.35042048e+00]],

        [[-1.13166451e+00, -5.38658977e-01,  1.65885782e+00, ...,
           1.32188773e+00, -5.53794861e-01, -6.90953657e-02],
         [ 7.04629302e-01, -2.00058794e+00, -2.81899780e-01, ...,
           3.03687692e-01,  1.39542729e-01, -1.25714803e+00],
         [-1.12749314e+00,  5.64115405e-01, -1.84275769e-02, ...,
          -2.05027533e+00,  6.32036686e-01,  1.66076255e+00],
         ...,
         [-2.92339087e+00, -3.45337868e+00, -1.03395438e+00, ...,
           7.10194111e-01, -3.04736286e-01, -1.95741808e+00],
         [-1.66184247e-01, -4.98523325e-01,  2.40819168e+00, ...,
          -1.76026630e+00,  1.38227904e+00, -4.14526552e-01],
         [-4.02627754e+00, -4.26029253e+00, -3.23385668e+00, ...,
           6.68676090e+00, -1.82838321e-01, -5.21482372e+00]],

        [[ 1.16025567e-01, -5.39981127e-01, -5.91835976e-01, ...,
          -1.49071836e+00,  3.31921250e-01, -1.31689823e+00],
         [ 1.92830727e-01, -4.18702692e-01,  1.84996879e+00, ...,
           2.57291138e-01, -4.99607712e-01,  5.04352689e-01],
         [-5.03124762e+00,  1.62160248e-01,  8.98251951e-01, ...,
           1.00123990e+00,  1.38188183e-01,  2.33468488e-02],
         ...,
         [ 9.89369452e-02, -1.93219817e+00, -1.51876128e+00, ...,
           3.00530696e+00, -9.48407650e-01, -8.96063507e-01],
         [-3.01625323e+00,  8.80059674e-02,  2.97060251e-01, ...,
           1.64191818e+00,  1.78986299e+00,  8.55919838e-01],
         [-3.30620313e+00, -1.58013594e+00, -1.76154506e+00, ...,
           7.70399570e-01, -6.65971160e-01, -2.87768304e-01]]],


       [[[ 1.26319051e+00, -1.60621321e+00,  1.36229980e+00, ...,
          -2.74532056e+00,  3.33555430e-01,  6.32063329e-01],
         [-5.75174034e-01,  6.80819824e-02, -9.62329388e-01, ...,
           1.70126632e-02,  6.52802527e-01, -1.71450639e+00],
         [ 1.15501654e+00, -1.89595246e+00, -1.47751307e+00, ...,
           1.23124981e+00,  6.67012513e-01, -7.79411048e-02],
         ...,
         [ 1.61582720e+00,  6.04397595e-01,  2.81838989e+00, ...,
           1.24678934e+00,  1.81408072e+00, -1.39851439e+00],
         [ 2.51711082e+00, -4.44534831e-02,  3.64246994e-01, ...,
          -7.32972980e-01, -1.87241152e-01,  4.90344495e-01],
         [ 3.38928485e+00,  9.73484993e-01,  4.16629362e+00, ...,
          -6.44976258e-01, -9.17312503e-01,  3.18045282e+00]],

        [[ 4.67267603e-01,  9.11377445e-02,  5.50272346e-01, ...,
          -6.80416405e-01, -1.10200560e+00,  4.16855156e-01],
         [-1.16964376e+00,  6.70494616e-01, -9.58528161e-01, ...,
          -1.23140657e+00, -1.01763177e+00,  1.25632191e+00],
         [-9.11931515e-01,  6.78846598e-01,  5.40033519e-01, ...,
           1.50571823e-01, -7.40012527e-01,  1.63530505e+00],
         ...,
         [ 1.63179076e+00,  9.91129100e-01, -1.26271382e-01, ...,
           1.85336009e-01,  3.96244556e-01,  5.84696007e+00],
         [ 2.13102803e-01,  5.43496311e-01, -7.79709756e-01, ...,
           1.20503478e-01, -1.76606941e+00, -1.87694937e-01],
         [ 4.16155767e+00,  2.42382169e+00,  1.12453139e+00, ...,
           2.50030351e+00, -1.27681756e+00,  1.18079739e+01]],

        [[-1.07184613e+00,  9.00133967e-01, -5.84265351e-01, ...,
          -1.89907706e+00,  7.02329636e-01,  5.43137155e-02],
         [-2.13354779e-03, -4.54888076e-01, -8.38697180e-02, ...,
          -1.32116405e-02,  2.68744737e-01,  7.74029791e-01],
         [-7.16193795e-01,  2.32534111e-01, -3.16489625e+00, ...,
          -3.94123286e-01,  4.85156700e-02,  8.13152790e-01],
         ...,
         [-4.12172139e-01,  9.41447854e-01, -1.04587209e+00, ...,
           1.28533411e+00, -7.93990254e-01, -7.79076934e-01],
         [-1.62078571e+00, -1.04327834e+00, -1.79199445e+00, ...,
          -1.19999540e+00,  3.99504185e-01, -1.72028184e+00],
         [-2.16379523e+00, -4.01922417e+00, -1.88606751e+00, ...,
           5.92758942e+00,  1.28461018e-01,  3.58045530e+00]],

        [[-1.36263776e+00, -1.72276199e-02,  1.10144258e-01, ...,
          -2.21689510e+00, -5.82536876e-01, -1.25706702e-01],
         [-2.62941539e-01, -3.46349508e-01,  9.93829891e-02, ...,
          -9.52827275e-01, -5.33729851e-01,  1.71020758e+00],
         [-1.79299045e+00,  1.82903564e+00,  1.10693865e-01, ...,
          -8.14261079e-01, -1.13828659e+00,  1.57949209e+00],
         ...,
         [-2.62062478e+00, -2.71756816e+00, -9.93123710e-01, ...,
          -4.21272635e-01, -9.33943391e-01, -6.26724780e-01],
         [-2.64460802e+00,  1.53350103e+00, -6.27455711e-01, ...,
           3.49237561e-01,  7.93292105e-01,  1.50720263e+00],
         [-3.76848555e+00, -5.31992197e+00, -9.32820886e-02, ...,
           5.61689568e+00,  9.16046798e-02, -2.61359882e+00]],

        [[-7.70650625e-01, -1.66666067e+00, -1.32856341e-02, ...,
           1.22652315e-01, -5.58009326e-01,  1.19566810e+00],
         [ 5.92946351e-01, -1.70548356e+00, -1.37620938e+00, ...,
           1.60578859e+00,  2.93445617e-01, -7.42001176e-01],
         [-4.15170050e+00,  5.66559255e-01, -3.03446293e+00, ...,
          -1.24232185e+00, -2.16915026e-01, -6.62005901e-01],
         ...,
         [-1.68050086e+00,  6.35497808e-01, -6.80475950e-01, ...,
          -4.32239175e-01, -9.47354972e-01, -5.99134207e-01],
         [-4.43425846e+00,  5.02962410e-01,  7.07813084e-01, ...,
           8.74940157e-01, -1.44403648e+00,  2.90793329e-01],
         [-2.74017763e+00, -9.25453842e-01, -4.91055816e-01, ...,
           2.22591472e+00,  5.92357934e-01,  5.50561070e-01]]],


       [[[ 9.19448078e-01, -3.31045359e-01,  2.62167633e-01, ...,
          -6.54845715e+00, -1.30328703e+00,  1.28669214e+00],
         [-1.19647041e-01, -9.91471112e-01, -5.87631345e-01, ...,
          -6.12472557e-02,  3.39767724e-01,  6.04475021e-01],
         [-9.03197110e-01,  9.08177674e-01, -1.01489115e+00, ...,
           1.70137882e-02, -5.08506298e-01,  2.49172711e+00],
         ...,
         [ 1.58088005e+00,  2.54272938e-01,  1.92474866e+00, ...,
          -4.62825060e-01, -7.29886770e-01,  5.33454537e-01],
         [-3.81028861e-01, -4.96876001e-01, -3.15547436e-02, ...,
          -4.20906723e-01,  5.89158051e-02,  4.42218214e-01],
         [ 6.63224030e+00, -1.34198880e+00,  4.46007013e+00, ...,
          -2.67887682e-01, -1.06504834e+00,  2.88040876e+00]],

        [[ 8.37040663e-01, -1.73045039e+00, -8.23566437e-01, ...,
          -5.78299999e+00,  3.42728347e-01, -9.56948161e-01],
         [-7.33945370e-01, -8.09522390e-01,  1.24806471e-01, ...,
           4.20408428e-01,  5.69177330e-01,  1.27692628e+00],
         [-1.25929475e+00, -6.73040032e-01,  3.87273222e-01, ...,
          -1.67038107e+00, -3.18358928e-01,  2.07478747e-01],
         ...,
         [ 1.06424010e+00,  9.19166863e-01, -1.40752256e+00, ...,
           2.93014318e-01,  7.18780339e-01,  4.21182632e+00],
         [-6.67666018e-01,  4.10568357e-01,  6.49847329e-01, ...,
           7.07604349e-01, -1.37571049e+00, -4.10301358e-01],
         [ 4.44616652e+00,  7.01155663e-01, -6.74203217e-01, ...,
           3.15276051e+00, -2.35840201e-01,  1.11513357e+01]],

        [[ 1.60214734e+00, -1.67898083e+00,  9.66666162e-01, ...,
          -5.95573044e+00,  1.41469300e+00,  5.80250084e-01],
         [-7.32801914e-01, -1.59489378e-01, -4.15310651e-01, ...,
           7.27881968e-01, -2.42783040e-01, -1.07477939e+00],
         [ 1.75496852e+00, -1.15367436e+00, -2.12280393e+00, ...,
          -1.37064743e+00, -2.19765973e+00, -8.49914432e-01],
         ...,
         [-1.65438426e+00, -1.23695874e+00,  9.54793453e-01, ...,
           2.94798493e+00,  1.30039728e+00, -9.89376485e-01],
         [-4.61110532e-01,  6.80045962e-01, -3.42219377e+00, ...,
           1.15450807e-01, -1.51285911e+00,  3.44772786e-01],
         [-3.13410664e+00, -2.10737419e+00, -3.70201379e-01, ...,
           5.38381577e+00,  2.97719270e-01,  3.64657617e+00]],

        [[-6.52350307e-01,  3.46849024e-01, -1.49343371e-01, ...,
          -2.96471095e+00, -1.39559627e+00, -1.35636419e-01],
         [ 3.68338346e-01,  1.35492611e+00,  9.31883991e-01, ...,
           9.89152670e-01,  5.64213991e-01, -3.80820632e-01],
         [-7.61652589e-01,  4.22061205e-01, -1.09959447e+00, ...,
           9.72541928e-01,  9.18352008e-01,  4.28272814e-01],
         ...,
         [-9.17134047e-01, -2.53087091e+00,  8.95588219e-01, ...,
           4.82206404e-01,  5.95752895e-01, -5.42268693e-01],
         [ 4.67652529e-01, -5.73514223e-01,  2.07879210e+00, ...,
           4.39659417e-01,  1.12897682e+00,  6.18444860e-01],
         [-7.52054596e+00, -4.82624912e+00,  6.87561452e-01, ...,
           2.04491234e+00,  3.16073805e-01, -2.66826749e+00]],

        [[-1.56969833e+00,  1.80890113e-01,  1.99460316e+00, ...,
          -4.30981398e+00,  1.71597075e+00, -9.78787541e-01],
         [-1.75600994e+00, -2.31746149e+00,  2.88046598e-01, ...,
           1.56138502e-02, -8.73276070e-02, -2.06088543e-01],
         [-4.07840014e+00,  7.96424299e-02, -5.55047154e-01, ...,
           2.12160206e+00,  6.32347107e-01,  5.05927622e-01],
         ...,
         [ 8.28737617e-02,  1.52759218e+00, -6.13956489e-02, ...,
          -4.37794328e-01, -2.34946632e+00, -1.29715770e-01],
         [-5.07073021e+00,  6.38366699e-01,  3.66036385e-01, ...,
          -8.10609162e-01,  7.93223619e-01,  1.07474053e+00],
         [-4.25522089e+00, -7.02133060e-01,  5.58907092e-01, ...,
          -1.90803826e-01,  8.27360272e-01, -1.42514920e+00]]]],
      dtype=float32), array([[-1.1810988 ,  0.28542432,  2.0108006 , ...,  0.9828668 ,
         1.6747133 , -0.95112556],
       [-1.1497728 , -0.05400652, -2.4529183 , ..., -0.4304935 ,
         1.2815473 ,  1.4070791 ],
       [ 0.39855927,  0.5919278 , -0.9678152 , ...,  0.725788  ,
         1.8123388 , -0.301476  ],
       ...,
       [-0.4501457 ,  0.8669806 ,  0.7078799 , ..., -2.22799   ,
        -0.33981526, -0.0912427 ],
       [ 0.63887167, -0.03377502, -0.36293346, ..., -0.02647822,
         2.2495298 ,  0.08250076],
       [ 0.35865736, -1.8489822 ,  0.72290325, ...,  0.2112276 ,
        -0.3256721 , -0.18944928]], dtype=float32), array([[-0.18434507,  0.86238927, -1.3040264 , ..., -0.3101907 ,
        -0.09409467, -1.1210543 ],
       [-0.440936  , -0.2107956 , -0.4319807 , ..., -0.69798505,
         0.847286  ,  0.58175063],
       [ 0.2108013 , -2.3638477 ,  0.18791841, ..., -0.12092669,
         0.40259695,  1.674892  ],
       ...,
       [-1.0043068 , -0.86958873, -0.07348421, ..., -0.22819355,
        -1.2420291 , -1.7865473 ],
       [-0.15145977, -0.05341373,  0.43321493, ..., -1.4598804 ,
        -0.7276015 , -0.71821415],
       [-0.6654082 , -0.38835162, -1.3844978 , ..., -0.4911117 ,
        -0.99558103, -0.29498827]], dtype=float32)], [array([ 1.3155476 , -1.1845139 , -0.7546253 ,  1.8435755 ,  0.7445762 ,
        2.0531485 , -0.4491495 , -0.9565756 , -0.89201903, -1.7054418 ,
       -1.0537212 ,  1.1262114 , -0.45562026, -1.1621344 , -0.30708167,
       -0.7185641 ], dtype=float32), array([-2.4413562 ,  0.5622459 ,  1.1569717 , -1.2849945 ,  1.195394  ,
        0.15234938, -0.8658037 , -1.504217  , -2.294286  , -0.9668312 ,
       -0.35447097, -0.37045228,  0.40161568, -0.47123107,  0.70620596,
       -0.3304137 ,  0.06099799, -1.9035507 , -1.5750153 , -1.0227351 ,
        1.7173816 ,  0.28600582, -0.13461334, -1.3294196 ,  0.8224804 ,
       -1.2238426 ,  0.35100898,  0.19537117,  2.2093997 , -0.4231709 ,
        0.75729877, -0.32100463], dtype=float32), array([-0.16686106,  0.49031195, -1.4249946 , -1.0586973 ,  0.96565586,
       -0.29086113,  0.2447286 , -0.26529485,  0.4608946 , -1.0813291 ,
        0.43860775, -0.6036241 ,  0.6949842 ,  1.4792787 ,  1.0417619 ,
       -1.9624532 , -0.71318585, -1.295261  ,  1.3982509 ,  0.4929131 ,
        0.5455754 , -0.36092716, -0.53343856,  1.0304033 , -1.6162341 ,
        0.8102794 , -0.624706  ,  0.49170303, -0.34617186, -1.0778223 ,
       -0.41553676,  1.7714658 ,  0.5812109 , -0.39433488, -0.97445333,
        0.07472504, -1.6657537 , -1.2237533 , -0.23871736, -1.7825325 ,
        0.35105842,  0.20354298,  1.3026054 ,  1.1768401 , -0.5326671 ,
       -1.2873027 ,  1.5140792 ,  0.73273426,  0.6592014 ,  0.31730485,
       -0.56024045,  0.8305953 ,  0.05516484,  0.63339174,  0.01878301,
        0.6473003 , -1.1622028 ,  1.1303087 , -0.5834551 ,  0.3151557 ,
       -0.77546495,  0.5795648 , -1.3531986 , -0.5254927 ,  1.2233415 ,
       -0.901814  , -1.4547578 , -0.4648166 , -1.5934138 , -1.6770656 ,
        1.2892426 ,  0.28048363,  0.50905657, -0.17657322, -2.4096081 ,
        2.2955627 , -0.92800915,  1.4470941 ,  1.6325866 ,  1.0577911 ,
       -2.0301187 ,  0.7785818 , -1.760405  ,  0.04776083, -0.27903053,
        0.80351704,  1.4813685 , -0.06658342,  0.1597603 ,  0.6319795 ,
       -1.4270625 , -0.02938166, -0.58800614, -0.5158853 , -0.08059254,
        0.8118236 , -0.65207034, -0.9348732 , -0.04710212,  1.1259354 ,
        2.2491663 ,  0.1296652 ,  0.56976753, -1.8295599 ,  0.35155374,
        0.56322116,  0.65708596, -0.01282456, -0.229311  , -1.3980379 ,
       -0.6226395 , -0.44431514, -1.9207445 ,  0.9368717 ,  0.09078664,
        1.3418757 , -0.89176583,  0.10475636, -0.15169498, -1.7368848 ,
       -0.07815618, -0.29994097,  0.9406231 ,  0.62958103, -2.4682846 ,
       -0.03660642,  0.42264298,  0.08671935,  0.26809695,  0.8125953 ,
        0.35585102, -0.39596486, -0.44153303,  0.9308897 , -0.6382534 ,
       -0.6232339 , -0.47259343, -1.058111  , -0.7701433 ,  1.891995  ,
        1.3120847 , -1.3868355 , -0.765526  , -0.05656894, -0.5781595 ,
       -0.4504256 , -1.7802634 ,  0.1487577 ,  1.1879503 , -0.502345  ,
        0.46937078, -0.6066942 ,  0.61237735,  0.1951218 ,  0.31252936,
        1.3441921 ,  0.144401  ,  2.0796866 , -0.90208495,  0.5857567 ,
        1.0236392 ,  0.11107438, -0.37869015, -0.12656604,  0.30719444,
        1.0171807 , -0.22529165,  0.49039057, -0.328466  ,  0.98274946,
       -1.6116122 , -1.1623256 ,  1.0487586 , -1.0949973 ,  0.03256149,
        1.017076  ,  0.32848534,  1.2617475 ,  0.90999776, -0.658836  ,
        0.36884996,  0.5645765 ,  0.33859175, -1.3762213 ,  0.3438965 ,
        0.41899624, -0.3125417 ,  0.28371254, -1.4753149 , -0.1506781 ,
        0.34724823,  0.73295987, -1.5238237 , -0.7332158 , -0.46590117,
       -0.4907178 , -0.7932593 ,  2.339288  ,  1.2906698 , -1.3258584 ,
        1.1351515 ,  0.16446586,  2.0012865 , -0.63156277,  0.89430565,
        0.4503975 , -1.0867044 , -0.32328445, -1.257149  ,  0.06864063,
        0.11127426,  0.96033645,  0.32552746,  2.1285436 , -0.57332605,
        0.42788273, -3.1128085 , -0.43085402, -0.58495736, -1.2287802 ,
       -0.35014597, -0.05243878, -0.7935031 ,  1.2456082 ,  0.06108538,
       -0.24850413,  1.4692849 , -0.6639839 , -1.3720026 ,  0.26306093,
        1.2896136 , -0.48978743, -1.677445  ,  0.10882881,  0.6946808 ,
       -0.69268465, -0.85830444,  0.79383177,  1.3431759 , -1.2565544 ,
        0.17512362,  0.72912186, -0.022422  , -0.47878456, -0.17408267,
       -1.1247442 ,  0.8642342 ,  0.7704315 , -0.32468754,  1.3895853 ,
       -0.70165277,  0.53083944, -0.08912277,  1.4580925 ,  0.63738126,
        0.29215932], dtype=float32), array([-1.9808408 , -1.3364531 , -1.2262642 , -0.8898587 ,  0.02184656,
        0.18878408,  0.1921599 , -0.33757246, -0.49519703,  0.75873524],
      dtype=float32)])